time,x,y,z,phi,theta,psi,x_velocity,y_velocity,z_velocity,phi_velocity,theta_velocity,psi_velocity,rotor_speed1,rotor_speed2,rotor_speed3,rotor_speed4
0.06,7.988228691400155e-08,-8.938045994217144e-08,10.00297122139297,6.282939507687216,6.2830412726173,0.0,9.496288564476068e-06,-1.3858657884679224e-05,0.09903652371573188,-0.0139006778745119,-0.007695594839519069,0.0,435.88842038105696,435.244999291645,438.1972397559186,437.0404505724375
0.12000000000000001,4.8023844074614905e-06,-7.90645073538722e-06,10.009485319510533,6.282427907605918,6.282623498601403,0.0,0.0001874733715454062,-0.00030572474704612044,0.11809805182124772,0.0004945534261098445,-0.00553632861717151,0.0,410.6333905400561,410.8249617166983,409.49585157538814,410.774250782132
0.18,2.92723369609458e-05,-4.208503256504703e-05,10.019982887877784,6.282068117309713,6.282122153407325,0.0,0.0006708148141594694,-0.0008455340264209067,0.23180387544104022,-0.023964293868354206,-0.014693473090592761,0.0,442.05668029032347,441.3017063107435,441.8331474497857,439.81244968242976
0.23999999999999996,0.00010173039381739238,-0.00012950265861011442,10.042714789443242,6.280282938427311,6.281450543522919,0.0,0.0018448570582307747,-0.0022741283151273533,0.5258368734992915,-0.045023703522052295,-0.0049798500645631336,0.0,494.3185281359084,495.0338266619426,495.580514039186,494.0301615887693
0.3,0.0002482911420040501,-0.00033441744597879203,10.076702820182783,6.277369720124344,6.28070514725497,0.0,0.003084958224314481,-0.004833649383355115,0.6070561980309522,-0.0567583080405442,-0.03464062655664519,0.0,432.87871430132867,430.37592331541873,431.27723540843647,430.2835302973338
0.36000000000000004,0.0004980094352672701,-0.0007694072213106433,10.118070926759513,6.274498914782747,6.278762329429561,0.0,0.00546269065467134,-0.010010850583003774,0.7717804289231639,-0.03425050416968489,-0.028205561395899685,0.0,456.7946452209339,457.30707242582787,456.82623475020904,458.61573806103564
0.4200000000000001,0.0009457200544396406,-0.001599276102653192,10.17202321262291,6.272622063064331,6.276919356400329,0.0,0.009680180815439308,-0.01789450510695182,1.0264320643850633,-0.02592079072405381,-0.03627986057975615,0.0,483.92871512891304,483.32039407656083,484.3317984442246,484.957523273801
0.48000000000000015,0.0016571686033338294,-0.002885916832722851,10.235575322375004,6.2706945933819735,6.274992659610161,0.0,0.014232119079489784,-0.025157299717058372,1.0919076958760996,-0.048947107585805574,-0.02486286940110522,0.0,426.8196977669761,427.7923993314656,427.4782613741498,425.511271158577
0.5400000000000001,0.002696881982759091,-0.004681101767602043,10.305357950998587,6.267331763164259,6.273372644710623,0.0,0.020591771104444608,-0.03501433730187105,1.2340308483379907,-0.07662189414185691,-0.03165925826307925,0.0,452.21025529962156,451.66235513132534,451.7749932746184,449.5359174834907
0.6000000000000002,0.004187625770173073,-0.0072013486646776165,10.38685705664042,6.262903885023855,6.271550065357344,0.0,0.029327289271483092,-0.049547683191258685,1.4823051847132478,-0.06867885812092543,-0.027926964940116095,0.0,483.4772473679333,483.75811592298294,482.48072358393097,483.0761808665926
0.6600000000000003,0.006184423122776501,-0.010592539480543131,10.47800802716808,6.258541882405165,6.270135439321109,0.0,0.03738187782505901,-0.06390450146377859,1.5559514226500801,-0.08227858713182118,-0.016053228461940777,0.0,430.1152745865568,431.11950901806716,431.39391827249506,430.23975590377967
0.7200000000000003,0.00868341804120793,-0.014922152277064744,10.573081725034976,6.253541417959543,6.269465715303475,0.0,0.04599357498447391,-0.08088909810316913,1.6130782547650258,-0.08555402391662048,-0.0028357211957269644,0.0,426.04549647845494,427.174106474254,424.7251666865608,424.4381466829008
0.7800000000000004,0.011757219715584225,-0.020474367928463508,10.67504109567964,6.248082387129482,6.269189573491133,0.0,0.056487759674150005,-0.1047702800578587,1.7852939106852999,-0.104978279259755,-0.008393227745883487,0.0,461.769792680383,461.3312998690806,463.0001823060651,461.4627485647888
0.8400000000000004,0.015511178716596121,-0.02770073869443946,10.79040647349066,6.241528448019739,6.269048381083387,0.0,0.06867619970719589,-0.13691132041274454,2.0597321011332537,-0.11948578975152345,0.00759686813711508,0.0,491.435583778998,492.61935094101347,493.10803546626767,492.0258682941529
0.9000000000000005,0.019939641875583853,-0.03685963752247415,10.918289051232438,6.234591311655798,6.270143371810839,0.0,0.07884500709343834,-0.16913719527307705,2.2027200983451647,-0.10883690268170032,0.03382310327430067,0.0,453.5106633683155,455.6121793659564,454.2969841221736,455.13830701298235
0.9600000000000005,0.024978207412776895,-0.048225162527270944,11.057222056477798,6.228395667680218,6.273200247911806,0.0,0.08877918210916573,-0.21045599162450493,2.4278899457033147,-0.09396077015500809,0.07263579527054362,0.0,477.2223181926106,480.17688171084177,480.31051831657834,481.4288369298556
1.0200000000000005,0.03048949308175493,-0.0619767688977581,11.205346045615805,6.222560987420067,6.277709870975466,0.0,0.09448705340894288,-0.24848993778709794,2.5093672636385085,-0.1047828320100312,0.07978132347738127,0.0,436.21649940719533,436.8173018235728,438.1244183063948,437.21540660908244
1.0800000000000005,0.036246371827856824,-0.07806844289765798,11.357356855465586,6.21649370073327,6.282258818070169,0.0,0.09696534633945972,-0.2884749705879268,2.5575121515457493,-0.09465837280007429,0.06639708051252961,0.0,427.31965738845327,426.1819468680436,426.4032979831402,427.25795650068443
1.1400000000000006,0.042067252730603494,-0.09665181639098161,11.511930050702071,6.210533157389785,0.002563135014169049,0.0,0.09670697978034394,-0.3315033744554092,2.5947989959586035,-0.11089997661629485,0.031614256150741274,0.0,424.963927077604,421.9742188567628,424.3412525399667,422.93552420480603
1.2000000000000006,0.047813149609140446,-0.11796453077788177,11.669168781770756,6.204072232754303,0.004377971281192217,0.0,0.09464655931582248,-0.3795335799092952,2.6463165887929034,-0.10192304270720814,0.02736321314459251,0.0,428.8643726826975,428.5034818603662,427.98067008454154,428.73332042649605
1.2600000000000007,0.0533947636951262,-0.14239383033018768,11.830881927435055,6.197836464801798,0.006016351261384223,0.0,0.09124110696800115,-0.435386184236605,2.7438272535223547,-0.1082750036828761,0.0271923467154208,0.0,443.71720782022294,443.7033608330539,443.85551507713694,443.3244505895296
1.3200000000000007,0.05874075160263091,-0.17026248357132748,11.997949864310492,6.191278821075759,0.008116073288833903,0.0,0.08677071272287888,-0.49420029564508566,2.824832967500775,-0.11141235694348808,0.047247017915488854,0.0,438.43027295017697,440.0938606100941,438.99644588350185,438.72532515342476
1.3800000000000008,0.06379578844007282,-0.20153578921724186,12.167112257681623,6.18453156500942,0.010428095782788915,0.0,0.08149849657679716,-0.5488221826143371,2.813867650126141,-0.11462197781287783,0.008784975004240086,0.0,410.31836713007846,406.89018912198435,410.1705175585378,409.87296333893653
1.4400000000000008,0.06846232066072697,-0.23657933411097098,12.33934633587738,6.17712871402655,0.01105553134487458,0.0,0.07399553480239775,-0.6199982426548749,2.926886474393854,-0.15340772392337992,0.013607985411936016,0.0,448.8816817655025,449.27277483329675,452.2304382604527,449.080636793874
1.5000000000000009,0.07269412140651124,-0.2757718641745219,12.515683466746339,6.167741886142501,0.012145691248345969,0.0,0.06697745541704918,-0.6872569325409884,2.95083527428265,-0.16333924216712362,0.026009756665153875,0.0,421.181461834285,422.25267460582427,422.8864696223744,422.00540823986023
1.560000000000001,0.07644324409896835,-0.3195441043683692,12.69656961810782,6.1580532166229105,0.01364890004665309,0.0,0.05783442800519764,-0.7728119496387182,3.078204683653184,-0.15799756674867468,0.02306911824321438,0.0,454.4916240392319,454.25596073269173,456.61686578133106,457.018755614412
1.620000000000001,0.07965386688401825,-0.3682762615926099,12.882081698946347,6.148146649814279,0.015017165195496673,0.0,0.049061495198309844,-0.8524638365323289,3.1053027257212005,-0.18570468434309997,0.022269756557004253,0.0,424.9228439753785,424.85437363949507,425.59988446365134,423.1933986659984
1.680000000000001,0.08225525351556182,-0.4224922765357668,13.07293261629216,6.137741870061166,0.016287335531012026,0.0,0.037514773426928834,-0.955849864067938,3.25575394605689,-0.15614173019062583,0.01887306790002349,0.0,464.25490559417983,463.98828647491604,463.2654394961151,465.5559003741592
1.740000000000001,0.08416431720251613,-0.48288876193738184,13.271098204777285,6.128369772937116,0.017233534482434365,0.0,0.026019372035403877,-1.05827414255067,3.349289615062328,-0.15632150960188104,0.00870203139170866,0.0,448.2358360536194,447.4083827055776,448.1882063121795,448.1507238769986
1.8000000000000012,0.08535768960504635,-0.5497005651782184,13.47532538777395,6.118744527999976,0.018001956707098365,0.0,0.013698361302711098,-1.169715119500667,3.4577282418987694,-0.1702154931851729,0.019960623094946832,0.0,452.80023154769054,453.7049761193556,454.7053875316886,453.5668503567745
1.8600000000000012,0.08577735931720794,-0.6235501760031615,13.686884063783916,6.108189972186542,0.019106389775833676,0.0,0.00017477551332003953,-1.292976995113634,3.593526019194032,-0.19081133995871286,0.015104076770788654,0.0,462.98322079449196,462.6008685616408,464.71460618326137,463.06843796778566
1.9200000000000013,0.08545315737740296,-0.7041955412537567,13.901875156031721,6.097372260073932,0.020704767639371013,0.0,-0.011093654334076697,-1.3961464358517763,3.5726520306391314,-0.1648891557620221,0.043152410161137314,0.0,413.0033395246188,415.4702173281185,413.114584590657,415.3594553941677
1.9800000000000013,0.08433184482166621,-0.7919958635347494,14.119693799004333,6.087230571479683,0.022896140996233605,0.0,-0.02653208002246145,-1.5315012250101625,3.68728158484317,-0.17893746860657628,0.017992116292158168,0.0,459.46229621412937,457.46361876852154,459.7258906606905,458.5847562554548
2.0400000000000014,0.08223914903644448,-0.8881724888505834,14.344514114698004,6.076590689309402,0.023559324540598503,0.0,-0.0433114003045842,-1.675423156674384,3.8059705920816205,-0.1743027702484772,-0.008812886678185873,0.0,462.2653062639187,460.1480066035095,461.7174580730535,462.0539543091145
2.1000000000000014,0.07913325187115382,-0.9932003241183156,14.576344103863022,6.0664383462807905,0.023185497150946865,0.0,-0.06015762165476593,-1.8264897996458385,3.9209193559274733,-0.1605912881589602,-0.0015098585861173935,0.0,462.17956243837284,462.75493739340624,460.98013753218777,462.0360062944699
2.1600000000000015,0.07508330201049832,-1.10694639226705,14.812487045436514,6.056547340081851,0.02312241950521443,0.0,-0.07482742563032897,-1.9659151224737927,3.9500545530295765,-0.17511124940782305,-0.0001495115772391165,0.0,435.9551082323281,436.06879311405623,437.1822572326657,435.94390778533085
2.2200000000000015,0.07011387200165371,-1.2296339564926686,15.051979823646576,6.046061484224939,0.023940689941386317,0.0,-0.09085919933271572,-2.1246393996212447,4.03230956679315,-0.17408016066469828,0.032389370356940644,0.0,453.1277547788255,455.7362271172732,454.45308989727556,454.50708615693236
2.2800000000000016,0.06425674603473851,-1.3611134717298787,15.292456802139396,6.0352160397605115,0.025985691987520987,0.0,-0.1045430557198298,-2.258901835316522,3.9833761512574344,-0.19944901827052844,0.037271995150243896,0.0,412.15035512650553,412.58229298558115,413.81741001837804,411.54272862779715
2.3400000000000016,0.057387507535901126,-1.502300965623677,15.535677221910015,6.023087636745952,0.028265551165469915,0.0,-0.1246625116729654,-2.448496494434913,4.12286289860413,-0.20814193965456357,0.0394105148126382,0.0,475.3912001614282,475.5556396432649,473.7620640017951,473.0557127403494
2.4000000000000017,0.049387821639976986,-1.653974739730677,15.782853095373381,6.010476454579251,0.030908722118393683,0.0,-0.14221242221281846,-2.6083698967188873,4.115811406321875,-0.21461689613288826,0.05201175571458812,0.0,430.2289520275878,431.295834279406,429.34510781718717,428.74999995722095
2.4600000000000017,0.040193522008949566,-1.816260001584509,16.032331852794524,5.997723071425263,0.03417480856025357,0.0,-0.16457538339017963,-2.80229565506512,4.199147818982699,-0.20873112346427394,0.058885313901929415,0.0,460.05246241484684,460.5982993661452,460.75196091818935,461.17430262143245
2.520000000000002,0.029704294023073605,-1.9894950799276345,16.283512007677906,5.985577276766072,0.03774230682070012,0.0,-0.18536825828923656,-2.9732426400782273,4.17300591156206,-0.19214033168682104,0.060579859587346456,0.0,426.99133634399857,427.1385346743226,425.9050527411422,427.27952153173226
2.580000000000002,0.017646230281292752,-2.1751848874777386,16.53947000198881,5.973699318658916,0.04100030942547406,0.0,-0.2169411387995817,-3.217477593963789,4.357351872226223,-0.21333809900356754,0.03718530884214698,0.0,495.03931391224035,493.31622887939386,496.5158241456459,494.92362058288654
2.640000000000002,0.0035747553996470726,-2.376165306713132,16.807449262754552,5.960467239567588,0.04314018558860688,0.0,-0.2523229377295823,-3.4830470544500014,4.573384092946362,-0.24150280008746142,0.03243589671145275,0.0,507.4656920613581,507.1250034908284,508.7322192555435,506.66876119489484
2.700000000000002,-0.012348648706374333,-2.5910411764866765,17.081215446773612,5.945650136626735,0.044708922829901354,0.0,-0.27860262627474963,-3.6806775837752146,4.551368846178673,-0.2609849554383379,0.008983667830793454,0.0,438.38055338324875,436.42726255513224,437.43407968605635,435.74543526071693
2.760000000000002,-0.029924432908229562,-2.8184320685126156,17.354653121932785,5.9294728215304175,0.045421128342746364,0.0,-0.3072912784853112,-3.9003156232226126,4.5621375044507095,-0.29867426070033265,0.017094649620535574,0.0,448.69048390443754,449.3484820592489,452.29553871952885,449.1744942049786
2.820000000000002,-0.04924248947640582,-3.059360436823839,17.628736098590252,5.911119762632101,0.046330686066505145,0.0,-0.3367069118043825,-4.132089219842526,4.572695056038747,-0.3268879063453772,0.010976855705197257,0.0,452.5041286344542,452.01118190091927,453.71058005293554,451.34402760295114
2.880000000000002,-0.07024948154774609,-3.313817717549392,17.901462967136666,5.891830997344215,0.04704392554291825,0.0,-0.3635679020752382,-4.35130618752607,4.517182455320368,-0.3124309820508636,0.013648744502498387,0.0,432.2173786948533,432.4424306566549,432.9029332424448,434.0090389594372
2.940000000000002,-0.09306902138954898,-3.5832832755134953,18.174395938049777,5.873223183296975,0.04785216770989287,0.0,-0.3971178216843479,-4.632359458631124,4.578751029663604,-0.30589623844571734,0.013112228873156289,0.0,474.3460488009043,474.304709638803,474.5284133166932,474.938389841068
3.000000000000002,-0.11777675907056316,-3.868806051949849,18.448143638509222,5.85540081071075,0.04878384476705122,0.0,-0.4265220409991875,-4.886415669626154,4.544861857223299,-0.2835323602043157,0.019967564120315928,0.0,447.03693863710623,447.5952146847245,445.5390854120349,447.2741014168515
3.0600000000000023,-0.14437045668739903,-4.170767822710293,18.721618026739474,5.838038008065709,0.04951316984758414,0.0,-0.4599895168791565,-5.180231361304122,4.569183974906319,-0.3048143505638116,-0.011968310266505605,0.0,469.97963125202125,467.4972715341699,471.1693185675387,469.4398825970333
3.1200000000000023,-0.17265094692563324,-4.487821232981947,18.99037674000475,5.819664457650022,0.04914948779963435,0.0,-0.48266510012282043,-5.389520118161498,4.388898060490704,-0.30920146585500885,0.003705545058463027,0.0,399.93633249599316,401.3618626236872,400.5217453880262,400.0153582519926
3.1800000000000024,-0.20245118845918414,-4.819166422937577,19.25111981572604,5.801581324882207,0.04939347372052083,0.0,-0.5106706619634543,-5.656595753083351,4.301244539049572,-0.2891418482093507,0.004778649247653918,0.0,437.0062278198621,437.09561209998293,435.81243588004827,437.3913845005518
3.2400000000000024,-0.23419142048395816,-5.169236798588657,19.51099161791898,5.783837175884706,0.050022598174589206,0.0,-0.5473131496574758,-6.013543568730898,4.35873813241242,-0.3140525037123305,0.019974707786432646,0.0,488.89249625863414,490.0235383797756,490.9057389898469,488.97219299616194
3.3000000000000025,-0.2679852016987697,-5.539552728001404,19.77126368578882,5.765208004004892,0.05114928076262615,0.0,-0.5792028061309334,-6.331510769285903,4.315076093944202,-0.30418295064343587,0.01627055240590459,0.0,460.5274848795611,460.23426318411333,461.6101184720203,462.29397032716463
3.3600000000000025,-0.3037369535493619,-5.929519421834272,20.02911382948038,5.746905303792561,0.0518152439892372,0.0,-0.6125420213987969,-6.668471604033589,4.277827622737069,-0.3068225478832475,-0.0020356545979020105,0.0,468.9001451837611,467.4753977269998,467.9198168393535,467.6244167729936
3.4200000000000026,-0.3414138324245612,-6.339212231013104,20.28311465936682,5.728428932094289,0.051502771745280285,0.0,-0.6432875864316343,-6.989044295656985,4.187015693289827,-0.310266216868337,-0.01245778835169054,0.0,453.99161737378074,453.1544684989141,454.6288160860335,454.258223277336
3.4800000000000026,-0.38076897711986074,-6.766819876389581,20.528824604775956,5.709647461583266,0.05087184390608179,0.0,-0.6684833187899697,-7.265701390846152,4.002055113693828,-0.3191883650645574,-0.0068892406462012805,0.0,422.7078985143226,423.1877621278391,423.74587022664684,422.87223749553806
3.5400000000000027,-0.4217169317544249,-7.212261099383303,20.7647113982266,5.690561519380356,0.05037305347542098,0.0,-0.6963713787123746,-7.583404826980503,3.8590492586027314,-0.3160103658285906,-0.011325062911682877,0.0,442.87159563609185,442.5066019358705,443.02474298042875,443.18223689424383
3.6000000000000028,-0.46418274926969194,-7.675432709277153,20.989376583943365,5.671964826947782,0.04966933182793376,0.0,-0.7190988515203383,-7.856782203946063,3.6285933279360707,-0.2999831840205788,-0.012548414164202487,0.0,412.3578891410478,412.2498825231306,412.8724255012765,414.1782460039313
3.660000000000003,-0.5081577106458676,-8.157063847160215,21.202565830107197,5.654766806490606,0.04869530764688701,0.0,-0.7466176297686777,-8.198478018380833,3.4757729650248677,-0.2683343278874185,-0.024868869009802716,0.0,447.8371945247567,446.83370364485495,446.17603812220676,448.668982838995
3.720000000000003,-0.553686792887174,-8.65852029763936,21.405035067233037,5.638490243817646,0.04676179304147521,0.0,-0.7708693797423543,-8.517640376932203,3.2716151944787835,-0.2779084546306406,-0.05401091354636832,0.0,432.8962826421274,430.4356624994016,432.9955464211767,432.11230944644893
3.780000000000003,-0.600835067709671,-9.181964893783658,21.598436916428685,5.621832516487348,0.043279066000494026,0.0,-0.8003505864245726,-8.93107818367336,3.172411242645637,-0.2770765444851428,-0.06766405652863794,0.0,476.30155298630797,475.253773368343,478.8131338465433,478.8045061500586
3.840000000000003,-0.6494433462774741,-9.727058938798354,21.781164750855346,5.6052932700077776,0.0391151165790502,0.0,-0.8196368645541683,-9.23965486851381,2.917010104607242,-0.27295716028990546,-0.07311503951395795,0.0,422.2000871879011,421.72539981609094,422.5404951388583,422.8144671045163
3.900000000000003,-0.6992755543750185,-10.292927254967069,21.95081769827242,5.588538437275355,0.0349098221991051,0.0,-0.8410410261182821,-9.623234316603128,2.735723616326938,-0.29634987448507766,-0.06463667400743303,0.0,457.03064285120485,457.70250254647954,458.15463482780353,456.2126832146254
3.960000000000003,-0.7502333290540729,-10.880393730665594,22.10726802955009,5.571221932808502,0.03068951672692144,0.0,-0.8572537810927577,-9.959773216247246,2.4773525856661602,-0.2764564821957535,-0.08528855221500742,0.0,432.8441888008864,431.0979006268952,431.53150250281004,433.12045405275944
4.020000000000002,-0.802226873902162,-11.491030162437555,22.251072559308607,5.554441915280826,0.026094761301160396,0.0,-0.8753884109879125,-10.395085429181396,2.31314040464256,-0.28699686281568454,-0.06322582692585685,0.0,476.8760780962232,478.55455827030585,475.433382749474,474.55091815876125
4.080000000000001,-0.8550636539286826,-12.123708453359155,22.37980691865017,5.5372228293851755,0.021982987389630004,0.0,-0.8856126260981427,-10.695099971784048,1.9764141751599362,-0.2869606395856888,-0.08209847516650558,0.0,411.4492493176311,409.7701304482524,411.97722219676587,411.8897232905552
4.14,-0.9085887601659313,-12.778586595473065,22.49232808689011,5.519684179348102,0.016558431006066243,0.0,-0.8980956263581478,-11.134372005613667,1.7711371735102936,-0.3060000486098922,-0.11739615076756257,0.0,474.4817549227898,471.75615222578506,474.70632177053034,473.16081153186275
4.199999999999998,-0.9627465867460299,-13.459329590449865,22.59133608454131,5.501476024960924,0.009300368377720858,0.0,-0.9065878059754082,-11.557278467123973,1.5260296324656482,-0.2988465357702592,-0.1292798634610498,0.0,466.6670863358081,465.72562817690516,465.5247265910164,465.9950807351965
4.259999999999997,-1.0172443466112961,-14.16089695869052,22.67041497634175,5.484022041482028,0.002015985503723172,0.0,-0.9096799642443605,-11.829296032854348,1.108448197105192,-0.27849267545089407,-0.10907498168065063,0.0,394.4115202138315,396.2584778038193,394.9651949996012,396.7409054317816
4.319999999999996,-1.071870599127958,-14.883297365610133,22.72830214265198,5.468365645390939,6.27847876641669,0.0,-0.9107174074197202,-12.25087429256255,0.8181204305938934,-0.23893471924652238,-0.11875065304921531,0.0,461.0484992339466,460.2723733533606,459.7791179244442,462.8357893461881
4.379999999999995,-1.1264575923796012,-15.631463814390811,22.76858087183169,5.453806722866471,6.271235919358585,0.0,-0.9083373448226254,-12.688064403943669,0.5214108556161917,-0.2513424726487379,-0.12495808559623979,0.0,467.7538804286789,467.25763346917176,467.1084098304824,466.0833301349574
4.439999999999993,-1.1807752756348964,-16.40715610707488,22.79159298079256,5.439124388984563,6.263366243121787,0.0,-0.9016806192836012,-13.168063056785106,0.24201952234770094,-0.23397078991950815,-0.1479601172754321,0.0,483.9902391166355,482.24052170910215,484.5695379421848,485.819450003307
4.499999999999992,-1.2346096389853245,-17.21030992594245,22.795973817645333,5.425014496317646,6.254388234132653,0.0,-0.8922316494269011,-13.603737380647548,-0.09920284198548851,-0.23766164492685377,-0.15320513284222684,0.0,467.8855029977022,467.4569479241621,467.2148543263218,466.87465727125004
4.559999999999991,-1.2877807224436495,-18.03917619452423,22.778856649714022,5.4109754345545795,6.245065285197251,0.0,-0.8796081323177177,-14.025216171461464,-0.4745395660779568,-0.227503257182847,-0.16013093921551075,0.0,462.74314786289324,462.17552991215,460.55188806813777,461.30253147156265
4.6199999999999894,-1.3401757588158112,-18.891656574730902,22.737160283233674,5.397487274915488,6.235445632387773,0.0,-0.8664522834076723,-14.391314288200851,-0.9180216478148245,-0.21989372946163854,-0.1607231565239915,0.0,439.4295571240127,439.3556903250854,437.88495874659105,438.4668681912352
4.679999999999988,-1.3915257682893003,-19.76884708839063,22.670449685579193,5.384854672189011,6.226349808319238,0.0,-0.8447092170698274,-14.848232763109253,-1.309270601887714,-0.19645058572390273,-0.13775894165026353,0.0,472.3615612386487,474.10945435079054,473.2450643953575,475.0057303849995
4.739999999999987,-1.4416477825319878,-20.671146633177944,22.577723011519033,5.372656668420358,6.218643864678867,0.0,-0.8257013167265198,-15.228960203555298,-1.7845584732307846,-0.222718699295161,-0.11435893788146051,0.0,443.47936612524074,445.382778863703,444.48587211686964,442.285137331035
4.799999999999986,-1.4905254112037438,-21.59693389277335,22.456283949101458,5.359177979732465,6.2119864799727065,0.0,-0.803312251593785,-15.630851758785644,-2.2668158874882227,-0.22879718796374265,-0.10490226337510793,0.0,450.8654586197676,451.61849857143784,451.3066865754053,450.7662141661853
4.859999999999984,-1.5379892844656242,-22.547162292457006,22.305419094053462,5.346054840236066,6.205233266025974,0.0,-0.7786142494671574,-16.04357448848362,-2.765667465729727,-0.2038007006995738,-0.13578462889186946,0.0,456.64040856566083,454.15730643074875,453.22777990992097,455.18649213986214
4.919999999999983,-1.5837601115822293,-23.52386570208357,22.12510184344874,5.3335448305117445,6.197320731372667,0.0,-0.7467925407500627,-16.512996865491946,-3.2491418475828326,-0.22009143688017505,-0.12502922148989842,0.0,475.9333383163736,476.74146222573927,475.68245386772753,474.39259700933405
4.979999999999982,-1.6275317125352937,-24.52903859676694,21.91515274165199,5.3201988722953075,6.190010541748839,0.0,-0.7120578652417334,-16.99234247125201,-3.7537582371516827,-0.2275719374731885,-0.1161185871125848,0.0,479.1707813956162,479.8357687185188,480.73854086005196,480.12603595060256
5.0399999999999805,-1.669358495925522,-25.561364517144142,21.672930679062365,5.306367563535229,6.1831991139121385,0.0,-0.682044182397197,-17.41848694253349,-4.32466038836655,-0.23717794625668806,-0.10878668260816661,0.0,461.58779539107815,462.1553993153121,461.5933303848807,460.783312889374
